55,4
55,3
55,2
55,1
55,0
0,471
0,470
0,469
0,468
54,4
54,3
54,2
0,467
54,1
54,0
0,466
0,465
53,3
53,2
0,464
53,1
53,0
52,3
52,2
52,1
52,0
51,5
51,4
51,3
51,2
51,1
51,0
50,5
50,4
50,3
50,2
50,1
50,0
0,463
0,462
49,5
49,4
49,3
49,2
49,1
49,0
48,5
48,4
48,3
48,2
48,1
48,0
47,5
47,4
47,3
47,2
47,1
47,0
0,461
0,460
0,459
0,458
46,4
46,3
46,2
0,457
46,1
46,0
0,456
0,455
0,454
0,453
0,452
0,451
0,450
0,449
0,448
0,447
0,446
0,445
0,444
0,443
0,442
45,4
45,3
45,2
0,441
45,1
45,0
0,440
0,439
0,438
0,437
0,436
0,435
0,434
0,433
44,4
44,3
44,2
0,432
44,1
44,0
0,431
0,430
0,429
0,428
0,427
0,426
0,425
43,3
43,2
0,424
43,1
43,0
0,423
0,422
0,421
0,420
0,419
0,418
0,417
42,3
42,2
0,416
42,1
42,0
0,415
0,414
0,413
0,412
0,411
0,410
0,409
41,3
41,2
0,408
41,1
41,0
40,3
40,2
40,1
40,0
39,3
39,2
39,1
39,0
38,3
38,2
38,1
38,0
37,3
37,2
37,1
37,0
34,2
34,0
36,3
36,2
36,1
36,0
31,2
